I
1000 Generated by WorldEditor

1    462 1 0 EDDP Leipzig-Halle
100 45.11 2 2 0.00 1 3 1 08L  51.43124100  012.21582705    0    0 3 2 1 2 26R  51.43364800  012.26744605    0    0 3 2 1 2
100 60.05 2 2 0.00 1 3 1 08R  51.41160800  012.20465324    0    0 3 2 1 2 26L  51.41402600  012.25625224    0    0 3 2 1 2
110 2 0.00 0.0000 Apron North
112  51.43282330  012.26675507  51.43270468  012.26691361 51 102
112  51.43209418  012.26716757  51.43186353  012.26717814 51 102
112  51.43157266  012.26656924  51.43141450  012.26603018
111  51.43157266  012.26656924
112  51.43157266  012.26656924  51.43155948  012.26640013 51 102
112  51.43125083  012.25988277  51.43124183  012.25969507
111  51.43125083  012.25988277
112  51.43125083  012.25988277  51.43125983  012.25921859 51 102
111  51.43139937  012.25881071 51 102
112  51.43258766  012.25489569  51.43270727  012.25458875 51 102
111  51.43280056  012.25480039
111  51.43267678  012.25201300 51 102
112  51.43232525  012.25474481  51.43205413  012.25592142
111  51.43232525  012.25474481
112  51.43232525  012.25474481  51.43221361  012.25516685 51 102
111  51.43159742  012.25718275 51 102
112  51.43129539  012.25756392  51.43111996  012.25766624 51 102
112  51.43042443  012.25769026  51.43022097  012.25761001
111  51.43042443  012.25769026
112  51.43042443  012.25769026  51.43025697  012.25747284 51 102
111  51.43020612  012.25722246 51 102
111  51.43001798  012.25347426 51 102
112  51.43215690  012.24638276  51.43228449  012.24612697 51 102
111  51.43242427  012.24635894
111  51.43227078  012.24362713 51 102
112  51.43197371  012.24597776  51.43184613  012.24647654 51 102
112  51.43060521  012.25049025  51.43033409  012.25143666
111  51.43060521  012.25049025
112  51.43060521  012.25049025  51.43003906  012.25156455 51 102
111  51.42983593  012.25010960 51 102
112  51.42952904  012.24294291  51.42951309  012.24240577 51 102
111  51.42990549  012.24216849 51 102
112  51.43174276  012.24195851  51.43209362  012.24193294 51 102
111  51.43225834  012.24264108
111  51.43216014  012.24087559 51 102
112  51.43170593  012.24152535  51.43143482  012.24156371
111  51.43170593  012.24152535
112  51.43170593  012.24152535  51.43153848  012.24153813 51 102
111  51.42986889  012.24173383 51 102
112  51.42941855  012.24105279  51.42931707  012.24040170
111  51.42941855  012.24105279
112  51.42941855  012.24105279  51.42940406  012.24080863 51 102
111  51.42918122  012.23535617 51 102
112  51.42957405  012.23462112  51.42994984  012.23438528
111  51.42957405  012.23462112
112  51.42957405  012.23462112  51.42966664  012.23461239 51 102
111  51.42995050  012.23460800 51 102
112  51.43053565  012.23501488  51.43068435  012.23538724
111  51.43053565  012.23501488
112  51.43053565  012.23501488  51.43062989  012.23521253 51 102
112  51.43154226  012.23738413  51.43185397  012.23822125 51 102
111  51.43213558  012.24008161
111  51.43200464  012.23706254 51 102
112  51.43182460  012.23727256  51.43171586  012.23709816
111  51.43182460  012.23727256
112  51.43182460  012.23727256  51.43176661  012.23719118 51 102
111  51.43046608  012.23407633 51 102
112  51.42958223  012.23419012  51.42940795  012.23419012
111  51.42958223  012.23419012
112  51.42958223  012.23419012  51.42926090  012.23420759 51 102
111  51.42910348  012.23363662 51 102
112  51.42878022  012.22684403  51.42877363  012.22659037
111  51.42878022  012.22684403
112  51.42878022  012.22684403  51.42878681  012.22618874 51 102
111  51.42918122  012.22603023 51 102
112  51.42951676  012.22599085  51.42970787  012.22596972
111  51.42951676  012.22599085
112  51.42951676  012.22599085  51.42988580  012.22603313 51 102
111  51.43015919  012.22646995 51 102
112  51.43111261  012.22872101  51.43119828  012.22893240
111  51.43111261  012.22872101
112  51.43111261  012.22872101  51.43143552  012.22948202 51 102
111  51.43177140  012.23179906
111  51.43160364  012.22830097 51 102
112  51.43141132  012.22862256  51.43126633  012.22841117
111  51.43141132  012.22862256
112  51.43141132  012.22862256  51.43134542  012.22856971 51 102
111  51.43006098  012.22549852 51 102
111  51.42918122  012.22559697 51 102
112  51.42869838  012.22494069  51.42861271  012.22428539
111  51.42869838  012.22494069
112  51.42869838  012.22494069  51.42867861  012.22456019 51 102
112  51.42853470  012.22143614  51.42853470  012.22128501
111  51.42853470  012.22143614
112  51.42853470  012.22143614  51.42849121  012.22070371 51 102
111  51.42892752  012.22060922 51 102
111  51.42941037  012.22056328 51 102
112  51.42921805  012.21602177  51.42921805  012.21578924
111  51.42921805  012.21602177
112  51.42921805  012.21602177  51.42921080  012.21535908 51 102
111  51.42945947  012.21524734 51 102
111  51.42981138  012.21524734 51 102
112  51.43044562  012.21568049  51.43059786  012.21592464
111  51.43044562  012.21568049
112  51.43044562  012.21568049  51.43075733  012.21620367 51 102
111  51.43108396  012.21733435
111  51.43099394  012.21589705 51 102
112  51.42926715  012.21310129  51.42918741  012.21297340
111  51.42926715  012.21310129
112  51.42926715  012.21310129  51.42898444  012.21261300 51 102
111  51.42871065  012.21253034 51 102
111  51.42640691  012.21151316 51 102
111  51.42644373  012.21131630 51 102
111  51.42573992  012.21100131 51 102
111  51.42570310  012.21119162 51 102
111  51.42475310  012.21078805 51 102
111  51.42476944  012.21058717 51 102
111  51.42414311  012.21028148 51 102
111  51.42409954  012.21050857 51 102
112  51.42054308  012.20895562  51.42043415  012.20890005
111  51.42054308  012.20895562
112  51.42054308  012.20895562  51.42025096  012.20875713 51 102
111  51.42026532  012.20819426 51 102
111  51.42066290  012.20837766 51 102
111  51.42094066  012.20685811 51 102
111  51.41997666  012.20495431 51 102
111  51.41950283  012.20484951 51 102
111  51.41936122  012.20508530 51 102
111  51.41931221  012.20575775 51 102
111  51.41961175  012.20637779 51 102
111  51.41964988  012.20633413 51 102
111  51.41999300  012.20692797 51 102
111  51.42010192  012.20743449 51 102
112  51.41998211  012.20807200  51.41996230  012.20814345
111  51.41998211  012.20807200
112  51.41998211  012.20807200  51.41986823  012.20846897 51 102
111  51.41953006  012.20849992 51 102
111  51.41192147  012.20512945
111  51.41196239  012.20613736 51 102
112  51.41216698  012.20588687  51.41222847  012.20587209 51 102
111  51.41257336  012.20591281 51 102
111  51.41914362  012.20877912 51 102
111  51.41915411  012.20894411 51 102
111  51.41823108  012.20978932 51 102
111  51.41771678  012.20956668 51 102
111  51.41766759  012.20966527 51 102
111  51.41762148  012.20973429 51 102
111  51.41757229  012.20971950 51 102
111  51.41755692  012.20979344 51 102
111  51.41749236  012.20978358 51 102
111  51.41746776  012.20986246 51 102
111  51.41738476  012.20982302 51 102
111  51.41731405  012.21014837 51 102
111  51.41741243  012.21023217 51 102
111  51.41752310  012.21080892 51 102
111  51.41675452  012.21532929 51 102
111  51.41658851  012.21555604 51 102
111  51.41635794  012.21563984 51 102
111  51.41615196  012.21554618 51 102
111  51.41610892  012.21583209 51 102
111  51.41634871  012.21594547 51 102
111  51.41647783  012.21619687 51 102
111  51.41654547  012.21651235 51 102
111  51.41625033  012.21825738 51 102
111  51.41676989  012.21849892 51 102
111  51.41706195  012.21678348 51 102
111  51.41720952  012.21649757 51 102
111  51.41739090  012.21642362 51 102
112  51.41819148  012.21676446  51.41821384  012.21678239
111  51.41819148  012.21676446
112  51.41819148  012.21676446  51.41846817  012.21697509 51 102
111  51.41839322  012.21745357 51 102
112  51.41600741  012.23139017  51.41597393  012.23156313
111  51.41600741  012.23139017
112  51.41600741  012.23139017  51.41584001  012.23205221 51 102
111  51.41552498  012.23206516 51 102
111  51.41347248  012.23231829 51 102
111  51.41322688  012.23212141
111  51.41325319  012.23299328 51 102
111  51.41350756  012.23276828 51 102
112  51.41536710  012.23255735  51.41545637  012.23256927
111  51.41536710  012.23255735
112  51.41536710  012.23255735  51.41572793  012.23261102 51 102
111  51.41584952  012.23326046 51 102
112  51.41638058  012.24459050  51.41636942  012.24473961
111  51.41638058  012.24459050
112  51.41638058  012.24459050  51.41639174  012.24574759 51 102
111  51.41582701  012.24545688 51 102
111  51.41399497  012.24478068 51 102
111  51.41383022  012.24457993
111  51.41387635  012.24544631 51 102
111  51.41399497  012.24529840 51 102
111  51.41427176  012.24531953 51 102
111  51.41605107  012.24599572 51 102
112  51.41643330  012.24676701  51.41634402  012.24732170 51 102
111  51.41589291  012.24723190 51 102
111  51.41427835  012.24662966 51 102
111  51.41392907  012.24623873
111  51.41398179  012.24746434 51 102
111  51.41425199  012.24717907 51 102
111  51.41469352  012.24721077 51 102
111  51.41945744  012.24904646
111  51.41942773  012.24930051
111  51.42108143  012.24991978
111  51.42112599  012.24968954 51 102
112  51.42929904  012.25282178  51.42945121  012.25286517 51 102
111  51.42968845  012.25317729 51 102
111  51.42976034  012.25383067 51 102
111  51.43025285  012.26394328 51 102
111  51.42975773  012.26402204 51 102
111  51.42979655  012.26462440 51 102
111  51.42999952  012.26462440 51 102
111  51.43005752  012.26569402 51 102
111  51.43030398  012.26567077 51 102
112  51.43044172  012.26804254  51.43049444  012.26853933 51 102
112  51.43146384  012.26943771  51.43199104  012.26952226
111  51.43146384  012.26943771
112  51.43146384  012.26943771  51.43156928  012.26945885 51 102
112  51.43246699  012.26904170  51.43285580  012.26851321
111  51.43246699  012.26904170
112  51.43246699  012.26904170  51.43267128  012.26880916 51 102
111  51.43335959  012.26745847
113  51.43326413  012.26551993 51 102
111  51.43209469  012.26764802 51 102
112  51.43193236  012.26772396  51.43183429  012.26780532 51 102
112  51.43171255  012.26843453  51.43178018  012.26871659 51 102
112  51.43204734  012.26883050  51.43215217  012.26883050 51 102
111  51.43231450  012.26863523 51 102
111  51.43279809  012.26782160 51 102
112  51.43284205  012.26761005  51.43281838  012.26750699 51 102
113  51.43274398  012.26755039 51 102
111  51.43031896  012.25149435 51 102
111  51.43012620  012.25211810 51 102
112  51.43000783  012.25222658  51.42995034  012.25221573 51 102
111  51.42994020  012.25209098 51 102
112  51.42991991  012.25144554  51.42993006  012.25141842
111  51.42991991  012.25144554
112  51.42991991  012.25144554  51.42993682  012.25132621 51 102
113  51.42999431  012.25135875 51 102
112  51.42963454  012.25154959  51.42968066  012.25188489
111  51.42963454  012.25154959
112  51.42963454  012.25154959  51.42963147  012.25161862 51 102
112  51.42961820  012.25202127  51.42960591  012.25209523
111  51.42961820  012.25202127
112  51.42961820  012.25202127  51.42958131  012.25230725 51 102
111  51.42924785  012.25237939 51 102
111  51.42119604  012.24929106
111  51.42122899  012.24902688
111  51.41955511  012.24836114
111  51.41952216  012.24862532 51 102
111  51.41712272  012.24772075 51 102
112  51.41679651  012.24716286  51.41679092  012.24672369
111  51.41679651  012.24716286
112  51.41679651  012.24716286  51.41679372  012.24707771 51 102
112  51.41683276  012.24680256  51.41684114  012.24670845
111  51.41683276  012.24680256
112  51.41683276  012.24680256  51.41691381  012.24643060 51 102
111  51.41727495  012.24646550 51 102
111  51.41968164  012.24739533
111  51.41965265  012.24760455
111  51.42131993  012.24824385
111  51.42137793  012.24803462 51 102
113  51.42919243  012.25103016 51 102
111  51.43094615  012.25897076 51 102
111  51.43100994  012.25986598 51 102
111  51.43131295  012.26655455 51 102
112  51.43097804  012.26728351  51.43073498  012.26729073 51 102
111  51.43062719  012.26672080 51 102
111  51.43058732  012.26565933 51 102
111  51.43084249  012.26558260 51 102
111  51.43075477  012.26389447 51 102
111  51.43050758  012.26392004 51 102
111  51.43027633  012.25912422 51 102
114  51.43055542  012.25835689  51.43087500  012.25830636 51 102
111  51.42892173  012.21539902 51 102
111  51.42911020  012.21935181 51 102
112  51.42876225  012.22013074  51.42849403  012.22010749 51 102
111  51.42844329  012.21943319 51 102
111  51.42840704  012.21908442 51 102
111  51.42866076  012.21906117 51 102
111  51.42860414  012.21717618 51 102
111  51.42828762  012.21717287 51 102
111  51.42823307  012.21549203 51 102
111  51.42832005  012.21501537 51 102
114  51.42858827  012.21478285  51.42879124  012.21480610 51 102
112  51.42749995  012.21243953  51.42757066  012.21246911
111  51.42749995  012.21243953
112  51.42749995  012.21243953  51.42786580  012.21263675 51 102
111  51.42788061  012.21350811 51 102
111  51.42803270  012.21728379 51 102
111  51.42756567  012.21729259 51 102
111  51.42760494  012.21813287 51 102
111  51.42783899  012.21812602 51 102
111  51.42789205  012.21911314 51 102
111  51.42814341  012.21909612 51 102
112  51.42958382  012.24962193  51.42958382  012.24969949
111  51.42958382  012.24962193
112  51.42958382  012.24962193  51.42960242  012.25072568 51 102
111  51.42900009  012.25055801 51 102
111  51.42141857  012.24761290
111  51.42146207  012.24734555
111  51.41978028  012.24670625
111  51.41972954  012.24697359 51 102
112  51.41734459  012.24607855  51.41710735  012.24599401
111  51.41734459  012.24607855
112  51.41734459  012.24607855  51.41677126  012.24584609 51 102
111  51.41667768  012.24513709 51 102
112  51.41664143  012.24425375  51.41664143  012.24412384
111  51.41664143  012.24425375
112  51.41664143  012.24425375  51.41666394  012.24402281 51
111  51.41678641  012.24392831 51
112  51.41701114  012.24389344  51.41704714  012.24390066
111  51.41701114  012.24389344
112  51.41701114  012.24389344  51.41724519  012.24384292 51
111  51.41729385  012.24414915 51
111  51.41795352  012.24405616 51
111  51.41787377  012.24283576 51
111  51.41723586  012.24292874 51
112  51.41725036  012.24316120  51.41725036  012.24322616
111  51.41725036  012.24316120
112  51.41725036  012.24316120  51.41723685  012.24341380 51
111  51.41702900  012.24347133 51
112  51.41677153  012.24348720  51.41672202  012.24347999
111  51.41677153  012.24348720
112  51.41677153  012.24348720  51.41666351  012.24347999 51
111  51.41658339  012.24325698 51 102
112  51.41610461  012.23303652  51.41610461  012.23293173
111  51.41610461  012.23303652
112  51.41610461  012.23303652  51.41613728  012.23209342 51 102
111  51.41626037  012.23157648 51 102
112  51.41702027  012.22703078  51.41705178  012.22690809
111  51.41702027  012.22703078
112  51.41702027  012.22703078  51.41722732  012.22650394 51 102
111  51.41756410  012.22666514 51
111  51.41902892  012.22728392 51
111  51.41951134  012.22452753 51
111  51.41887980  012.22423221
111  51.41881840  012.22406345
111  51.41882105  012.22395705
111  51.41970537  012.22431821
111  51.41989020  012.22305725
111  51.41907808  012.22275186
111  51.42025287  012.21559347 51 102
111  51.42090643  012.21584395 51 102
111  51.42169071  012.21128520 51 102
111  51.42150008  012.21119786 51 102
112  51.42159812  012.21041183  51.42160184  012.21034025
111  51.42159812  012.21041183
112  51.42159812  012.21041183  51.42172832  012.20999427 51 102
111  51.42210463  012.21006249 51 102
111  51.42407076  012.21095321 51 102
111  51.42405442  012.21118902 51 102
111  51.42468619  012.21148597 51 102
111  51.42471887  012.21123269 51 102
111  51.42561207  012.21160825 51 102
111  51.42558484  012.21186153 51 102
111  51.42629286  012.21217588 51 102
113  51.42634733  012.21194879 51 102
112  51.42853697  012.21295889  51.42879175  012.21296759
111  51.42853697  012.21295889
112  51.42853697  012.21295889  51.42878091  012.21297628 51 102
111  51.42880215  012.21330641 51 102
111  51.42880215  012.21381464 51 102
112  51.42852365  012.21401485  51.42830140  012.21401485 51 102
111  51.42827396  012.21375303 51 102
113  51.42826436  012.21315240 51 102
112  51.42009115  012.20955046  51.42018971  012.20937661 51 102
111  51.42037697  012.20942402 51 102
111  51.42110139  012.20974011 51 102
112  51.42123938  012.21040389  51.42113096  012.21090172
111  51.42123938  012.21040389
112  51.42123938  012.21040389  51.42118024  012.21072788 51 102
112  51.42090427  012.21088592  51.42080571  012.21090172 51 102
113  51.41984474  012.21049081 51 102
111  51.41925732  012.20941543 51 102
112  51.41951752  012.20939804  51.41968015  012.20951973 51 102
111  51.41963136  012.21000648 51 102
111  51.41956631  012.21034547 51 102
113  51.41869355  012.20998910 51 102
111  51.41868471  012.21580718 51 102
112  51.41820669  012.21643932  51.41784202  012.21646302
111  51.41820669  012.21643932
112  51.41820669  012.21643932  51.41813277  012.21642351 51 102
111  51.41741820  012.21610745 51 102
111  51.41731964  012.21583878 51 102
111  51.41727565  012.21549546 51 102
111  51.41806210  012.21105303 51 102
112  51.41876197  012.21042831  51.41919563  012.21054684
111  51.41876197  012.21042831
112  51.41876197  012.21042831  51.41886545  012.21045992 51 102
111  51.41920209  012.21062498 51 102
112  51.41943297  012.21136539  51.41938862  012.21182369
111  51.41943297  012.21136539
114  51.41943297  012.21136539  51.41941819  012.21146021 51 102
110 2 0.00 0.0000 Apron South
111  51.40905393  012.19656272 51 102
111  51.40859545  012.19659691 51 102
111  51.40856346  012.19733186 51 102
111  51.40714536  012.19697293 51 102
111  51.40743325  012.20298927 51 102
111  51.40632436  012.20295509 51 102
111  51.40644165  012.20618546 51 102
111  51.40758252  012.20610000 51 102
111  51.40760385  012.20680076 51 102
111  51.40868075  012.20669821 51 102
111  51.40869063  012.20684505 51 102
111  51.40832404  012.20689768 51 102
111  51.40834592  012.20799409 51 102
111  51.40762369  012.20805549 51 102
111  51.40764010  012.20935364 51 102
111  51.40858120  012.20925716 51 102
111  51.40855931  012.20859931 51 102
111  51.40878365  012.20856422 51 102
111  51.40902986  012.20916944 51 102
111  51.40914476  012.21003781 51 102
111  51.40916665  012.21130089 51 102
111  51.40893138  012.21131843 51 102
111  51.40899703  012.21300253 51 102
111  51.40924872  012.21298499 51 102
111  51.40937457  012.21493223 51 102
111  51.40993813  012.21493223 51 102
111  51.41015152  012.21516906 51 102
111  51.41028831  012.21598487 51 102
111  51.41055094  012.22154605 51 102
112  51.41045792  012.22251093  51.41042181  012.22261707 51 102
112  51.41028831  012.22271268  51.41023414  012.22273198 51 102
111  51.40974116  012.22273899 51 102
111  51.40977399  012.22418629 51 102
111  51.40836234  012.22431787 51 102
111  51.40841706  012.22587921 51 102
111  51.40791368  012.22592295 51 102
111  51.40802311  012.22936130 51 102
111  51.40755256  012.22948410 51 102
111  51.40627770  012.22955424 51 102
111  51.40640354  012.23405378 51 102
111  51.40547339  012.23413272
111  51.40592752  012.24441232 51 102
111  51.40697258  012.24429829 51 102
111  51.40730634  012.25216596 51 102
111  51.40979040  012.25191170 51 102
111  51.40983964  012.25240291 51 102
111  51.41070414  012.25235028 51 102
111  51.41069320  012.25187661 51 102
111  51.41109262  012.25254325 51 102
111  51.41129506  012.25656071 51 102
111  51.41377420  012.25623879
112  51.41369596  012.25485897  51.41368634  012.25461705
111  51.41369596  012.25485897
112  51.41369596  012.25485897  51.41360253  012.25538623 51 102
111  51.41334687  012.25565984 51 102
112  51.41288344  012.25591072  51.41269658  012.25590473 51 102
112  51.41254037  012.25574669  51.41247311  012.25569875 51 102
112  51.41238991  012.25527388  51.41238617  012.25516004
111  51.41238991  012.25527388
112  51.41238991  012.25527388  51.41239738  012.25497430 51 102
112  51.41260056  012.25463704  51.41273136  012.25449923 51 102
112  51.41309409  012.25422212  51.41324731  012.25408432
111  51.41309409  012.25422212
112  51.41309409  012.25422212  51.41331084  012.25407234 51 102
111  51.41360568  012.25346949
112  51.41350897  012.25193749  51.41347907  012.25184847
111  51.41350897  012.25193749
112  51.41350897  012.25193749  51.41347163  012.25252504 51 102
112  51.41319243  012.25348388  51.41315133  012.25357376 51 102
112  51.41274871  012.25392370  51.41265528  012.25396564 51 102
112  51.41247417  012.25382651  51.41241438  012.25379655 51 102
112  51.41228157  012.25308353  51.41227410  012.25277796
111  51.41228157  012.25308353
112  51.41228157  012.25308353  51.41227036  012.25295171 51 102
112  51.41199268  012.24715899  51.41198894  012.24703916
111  51.41199268  012.24715899
112  51.41199268  012.24715899  51.41200763  012.24680549 51 102
112  51.41214916  012.24654145  51.41222764  012.24643959 51 102
112  51.41257047  012.24642566  51.41273490  012.24644363 51 102
112  51.41308807  012.24663794  51.41315534  012.24666191 51 102
111  51.41334687  012.24727478
111  51.41318437  012.24381076 51 102
112  51.41305196  012.24423532  51.41301085  012.24428325 51 102
112  51.41262814  012.24424263  51.41254966  012.24422466 51 102
112  51.41208961  012.24400475  51.41205224  012.24397479 51 102
112  51.41195967  012.24382305  51.41194099  012.24376314 51 102
112  51.41199622  012.24356782  51.41197006  012.24364571 51 102
112  51.41281723  012.24084844  51.41285834  012.24071063 51 102
112  51.41293159  012.24063615  51.41298017  012.24064215 51 102
111  51.41304594  012.24080953
112  51.41287140  012.23725894  51.41285272  012.23725295
111  51.41287140  012.23725894
112  51.41287140  012.23725894  51.41286800  012.23953167 51 102
112  51.41262070  012.24034093  51.41257212  012.24056262
111  51.41262070  012.24034093
112  51.41262070  012.24034093  51.41254596  012.24072439 51 102
112  51.41197462  012.24263354  51.41196715  012.24265750
111  51.41197462  012.24263354
112  51.41197462  012.24263354  51.41187746  012.24290915 51 102
111  51.41180008  012.24262389 51 102
112  51.41140706  012.23376696  51.41141254  012.23355644
111  51.41140706  012.23376696
112  51.41140706  012.23376696  51.41140159  012.23317048 51 102
111  51.41163878  012.23302398 51 102
111  51.41184949  012.23295661 51 102
112  51.41230083  012.23288600  51.41241026  012.23291232
111  51.41230083  012.23288600
112  51.41230083  012.23288600  51.41256347  012.23288600 51 102
111  51.41269144  012.23327872
111  51.41261862  012.23188829 51 102
112  51.41223058  012.23244346  51.41202813  012.23245223
111  51.41223058  012.23244346
112  51.41223058  012.23244346  51.41215945  012.23246101 51 102
112  51.41160595  012.23247899  51.41149652  012.23243513
111  51.41160595  012.23247899
112  51.41160595  012.23247899  51.41137068  012.23243513 51 102
111  51.41130114  012.23172908 51 102
112  51.41103631  012.22624174  51.41103084  012.22611017
111  51.41103631  012.22624174
112  51.41103631  012.22624174  51.41103084  012.22573298 51 102
112  51.41121999  012.22549457  51.41129112  012.22543317 51 102
112  51.41161728  012.22564009  51.41177595  012.22578921 51 102
112  51.41219463  012.22714304  51.41230406  012.22761671 51 102
111  51.41246635  012.22873599
111  51.41234718  012.22590210 51 102
112  51.41219808  012.22606964  51.41215431  012.22596438 51 102
112  51.41144422  012.22428056  51.41130743  012.22388583 51 102
112  51.41097011  012.22253758  51.41086068  012.22194111 51 102
112  51.41078474  012.22103045  51.41075191  012.22059187 51 102
112  51.41066557  012.21799498  51.41067651  012.21760904 51 102
112  51.41077237  012.21709696  51.41083256  012.21688644 51 102
112  51.41110602  012.21699503  51.41122640  012.21708275 51 102
112  51.41151299  012.21758106  51.41160054  012.21780034
111  51.41151299  012.21758106
112  51.41151299  012.21758106  51.41171544  012.21811612 51 102
111  51.41205587  012.21997971
111  51.41193009  012.21726265 51 102
112  51.41172485  012.21728388  51.41160995  012.21706459 51 102
112  51.41096349  012.21547958  51.41073369  012.21482172 51 102
112  51.41041399  012.21286868  51.41037022  012.21258799 51 102
111  51.41037426  012.21239107 51 102
112  51.41018889  012.20805019  51.41018342  012.20785722
111  51.41018889  012.20805019
112  51.41018889  012.20805019  51.41019436  012.20699762 51 102
111  51.41057288  012.20708437 51 102
112  51.41094363  012.20736032  51.41107494  012.20750943
111  51.41094363  012.20736032
112  51.41094363  012.20736032  51.41125003  012.20768486 51 102
111  51.41146991  012.20891332
112  51.41142139  012.20738852  51.41140715  012.20728740 51 102
112  51.41134086  012.20729664  51.41123690  012.20713875
111  51.41134086  012.20729664
112  51.41134086  012.20729664  51.41106181  012.20678790 51 102
112  51.41036764  012.20623530  51.41028010  012.20619144
111  51.41036764  012.20623530
112  51.41036764  012.20623530  51.41013784  012.20617390 51 102
111  51.41014917  012.20581076 51 102
112  51.41023523  012.20525887  51.41027901  012.20514484
111  51.41023523  012.20525887
112  51.41023523  012.20525887  51.41033919  012.20510098 51 102
111  51.41046695  012.20513150 51 102
112  51.41085067  012.20521413  51.41099840  012.20530184 51 102
111  51.41138058  012.20568340
111  51.41135410  012.20491924 51 102
112  51.40991276  012.20431999  51.40978939  012.20426348
111  51.40991276  012.20431999
112  51.40991276  012.20431999  51.40949860  012.20415047 51 102
113  51.40936642  012.20327466 51 102
111  51.40986704  012.20720729 51 102
111  51.40994168  012.20874555 51 102
112  51.40967697  012.20952880  51.40942142  012.20955705 51 102
111  51.40936591  012.20891646 51 102
111  51.40929127  012.20746366 51 102
111  51.40938397  012.20675697 51 102
112  51.40954717  012.20657489  51.40965291  012.20650426
111  51.40954717  012.20657489
114  51.40954717  012.20657489  51.40971460  012.20649014 51 102
111  51.41004557  012.21078126 51 102
111  51.41015132  012.21290012 51 102
111  51.41007201  012.21377592 51 102
112  51.40987815  012.21410082  51.40968428  012.21411494 51 102
111  51.40967547  012.21379005 51 102
111  51.40953448  012.21295663 51 102
111  51.40981646  012.21292838 51 102
111  51.40971072  012.21123328 51 102
111  51.40949923  012.21127566 51 102
111  51.40944636  012.21052699 51 102
114  51.40971072  012.21010322  51.40993102  012.21006084 51 102
111  51.41101577  012.23154636 51 102
112  51.41075121  012.23254533  51.41051088  012.23255817 51 102
111  51.41042256  012.23185684 51 102
111  51.41009555  012.22468787 51 102
111  51.41014253  012.22375881 51 102
112  51.41038189  012.22355652  51.41055011  012.22356936 51 102
113  51.41068075  012.22412582 51 102
111  51.41152499  012.24298588 51 102
112  51.41130069  012.24355094  51.41116450  012.24356378 51 102
111  51.41108439  012.24340967 51 102
111  51.41091617  012.24252356 51 102
111  51.41079600  012.24014775 51 102
111  51.41106837  012.24008354 51 102
111  51.41098826  012.23836268 51 102
111  51.41073993  012.23838836 51 102
111  51.41051562  012.23395779 51 102
112  51.41077197  012.23316157  51.41102031  012.23311020 51 102
113  51.41112445  012.23384221 51 102
111  51.41201365  012.25354240 51 102
112  51.41178133  012.25410747  51.41161311  012.25413315 51 102
111  51.41153300  012.25374788 51 102
111  51.41138079  012.25296449 51 102
111  51.41122859  012.24909891 51 102
111  51.41148493  012.24902186 51 102
111  51.41139681  012.24733949 51 102
111  51.41115649  012.24739086 51 102
111  51.41122058  012.24633778 51 102
112  51.41145289  012.24619652  51.41154902  012.24620936 51 102
113  51.41168520  012.24668453 51 102
111  51.41207827  012.25508607 51 102
111  51.41210230  012.25566482 51 102
112  51.41187746  012.25598246  51.41173545  012.25598845 51 102
111  51.41164515  012.25580267 51 102
111  51.41161311  012.25512202 51 102
114  51.41179735  012.25487801  51.41189078  012.25486004 51 102
112  51.41311367  012.24543227  51.41315103  012.24609118
111  51.41260929  012.24602528
112  51.41198161  012.24523460  51.41198161  012.24458113
113  51.41259061  012.24474341
130 Airport Boundary 3
111  51.42998152  012.19925930
111  51.42723250  012.20263356
111  51.42565328  012.20994444
111  51.42173448  012.20741375
111  51.42062317  012.20366458
111  51.41898546  012.20375831
111  51.41799114  012.20657019
111  51.41003654  012.20300848
111  51.40956863  012.19541640
111  51.40494795  012.19513522
111  51.40553284  012.20788240
111  51.40477248  012.21087940
111  51.40705357  012.21687923
111  51.40757998  012.22437902
111  51.40570831  012.22822267
111  51.40494795  012.23309753
111  51.40524039  012.24219103
111  51.40360268  012.24340974
111  51.40407060  012.25090954
111  51.40465550  012.25231575
111  51.40991957  012.25362821
111  51.41044597  012.25897181
111  51.41284405  012.27303392
111  51.41699681  012.27134647
111  51.41851754  012.26037803
111  51.41793265  012.25044080
111  51.42869474  012.25494068
111  51.42951360  012.27912750
111  51.43214563  012.28306490
111  51.43828705  012.28015873
111  51.43664934  012.24012859
113  51.43366636  012.20169859
120 Linear Feature 47
111  51.41457058  012.24720197 54 103
115  51.41463001  012.24675623
120 Linear Feature 46
111  51.41448430  012.24540367 54 103
115  51.41454949  012.24498561
120 Linear Feature 45
111  51.41387058  012.23272490 54 103
115  51.41384898  012.23227223
120 Linear Feature 44
111  51.41395405  012.20651442 54 103
115  51.41403655  012.20606721
120 Linear Feature 42
111  51.41459649  012.20679471 56 104
115  51.41466241  012.20634513
120 Linear Feature 41
111  51.41400012  012.23270208 56 104
115  51.41399084  012.23225574
120 Linear Feature 40
111  51.41460440  012.24544533 56 104
115  51.41466599  012.24502601
120 Linear Feature 39
111  51.41468839  012.24721014 56 104
115  51.41475189  012.24680573
120 Linear Feature 5
111  51.41289308  012.25591189 56 104
115  51.41291665  012.25635069
120 Linear Feature 4
111  51.41272516  012.25393148 56 104
111  51.41276445  012.25417769 56 104
115  51.41284302  012.25443154
120 Linear Feature 3
111  51.41243762  012.24595985 56 104
115  51.41236511  012.24643007
120 Linear Feature 21
111  51.41303119  012.25587321 54 103
115  51.41306144  012.25633049
120 Linear Feature 20
111  51.41285570  012.25383999 54 103
115  51.41302651  012.25427872
120 Linear Feature 19
111  51.41261073  012.24601829 54 103
115  51.41256018  012.24642628
120 Linear Feature 18
111  51.41252809  012.24421079 54 103
115  51.41244297  012.24472517
120 Linear Feature 17
111  51.41214859  012.24205273 54 103
115  51.41239347  012.24224904
120 Linear Feature 16
111  51.41193213  012.23248410 54 103
115  51.41195907  012.23292866
120 Linear Feature 15
111  51.41155939  012.22457100 54 103
111  51.41137380  012.22480092 54 103
115  51.41140754  012.22549406
120 Linear Feature 14
111  51.41115326  012.21597631 54 103
111  51.41096744  012.21619339 54 103
115  51.41100922  012.21694394
120 Linear Feature 13
111  51.41071914  012.20653099 54 103
111  51.41064027  012.20676563 54 103
115  51.41063295  012.20711890
120 Linear Feature 12
111  51.41069102  012.20464658 54 103
115  51.41061654  012.20513940
120 Linear Feature 11
111  51.41050519  012.20456828 56 104
115  51.41041012  012.20513407
120 Linear Feature 10
111  51.41059803  012.20641783 56 104
111  51.41051217  012.20670606 56 104
115  51.41050949  012.20708749
120 Linear Feature 9
111  51.41102918  012.21565702 56 104
111  51.41078833  012.21591106 56 104
111  51.41081210  012.21638102 56 104
115  51.41090242  012.21693480
120 Linear Feature 8
111  51.41143231  012.22423914 56 104
111  51.41119457  012.22450963 56 104
111  51.41121375  012.22498914 56 104
115  51.41129235  012.22546558
120 Linear Feature 7
111  51.41180805  012.23248989 56 104
115  51.41183419  012.23295935
120 Linear Feature 6
111  51.41204461  012.24240892 56 104
115  51.41228703  012.24260199
120 Linear Feature 2
111  51.41235494  012.24413615 56 104
115  51.41226196  012.24474921
120 Linear Feature 38
111  51.43216573  012.26878080 56 104
115  51.43235343  012.26917996
120 Linear Feature 37
111  51.43223111  012.26713680 56 104
115  51.43226907  012.26762053
120 Linear Feature 36
111  51.43155338  012.25726416 56 104
115  51.43180349  012.25746369
120 Linear Feature 35
111  51.43113205  012.24873799 56 104
115  51.43137116  012.24892052
120 Linear Feature 34
111  51.43104929  012.24159474 56 104
115  51.43107369  012.24202246
120 Linear Feature 33
111  51.43073938  012.23473450 56 104
115  51.43052475  012.23498171
120 Linear Feature 32
111  51.43034074  012.22615295 56 104
115  51.43011571  012.22639480
120 Linear Feature 31
111  51.42977041  012.21392312 56 104
111  51.42961646  012.21426137 56 104
115  51.42961224  012.21524569
120 Linear Feature 30
111  51.43037816  012.21489783 54 103
111  51.43025573  012.21511731 54 103
115  51.43018514  012.21543614
120 Linear Feature 29
111  51.43094407  012.22757414 54 103
115  51.43073175  012.22781558
120 Linear Feature 28
111  51.43135452  012.23617650 54 103
115  51.43115269  012.23639975
120 Linear Feature 27
111  51.43161987  012.24153540 54 103
115  51.43164775  012.24196592
120 Linear Feature 26
111  51.43163562  012.24710794 54 103
115  51.43186998  012.24727682
120 Linear Feature 25
111  51.43205044  012.25567963 54 103
115  51.43228243  012.25584877
120 Linear Feature 24
111  51.43264636  012.26691689 54 103
115  51.43282969  012.26756172
120 Linear Feature 23
111  51.43265946  012.26805952 54 103
115  51.43288338  012.26835989
120 Linear Feature 9
111  51.40899761  012.19923557 51
115  51.40768658  012.19940490
120 Linear Feature 8
111  51.40894791  012.19801041 51
115  51.40764930  012.19811998
120 Linear Feature 7
111  51.41171405  012.22532586 51 101
116  51.41089182  012.22608197  51.41098541  012.22862700
120 Linear Feature 6
112  51.41048900  012.21748924  51.41049989  012.21518837 51 101
115  51.41126676  012.21660423
120 Linear Feature 5
112  51.40990768  012.20510941  51.40997610  012.20458001 51 101
115  51.41039621  012.20473758
120 Linear Feature 4
112  51.41001838  012.20745831  51.41000499  012.20639712 51 101
115  51.41073736  012.20683459
120 Linear Feature 3
111  51.40911752  012.20692185 51 101
112  51.40973060  012.20624610  51.41025259  012.20642300
111  51.40973060  012.20624610
112  51.40973060  012.20624610  51.40978577  012.20626651 51 101
111  51.41025974  012.20647691 51 101
116  51.41185145  012.20983715  51.41201697  012.21257902
120 Linear Feature 2
111  51.41015839  012.21044065 51 101
112  51.40969904  012.20982784  51.40928922  012.20984053 51 101
115  51.40928299  012.21048906
120 Linear Feature 1
111  51.41009740  012.20914103 51 101
112  51.40969835  012.20982750  51.40930120  012.20985850 51 101
115  51.40922163  012.20916833
120 Linear Feature 86
111  51.40963119  012.20439685 51 101
112  51.40903480  012.20511034  51.40905966  012.20598366
111  51.40903480  012.20511034
112  51.40903480  012.20511034  51.40903949  012.20526823 51 101
111  51.40943694  012.21379684 51 101
112  51.40989939  012.21453818  51.41030126  012.21454752
111  51.40989939  012.21453818
112  51.40989939  012.21453818  51.40996637  012.21452417 51 101
111  51.41011051  012.21448983 51 101
112  51.41049254  012.21484438  51.41072260  012.21523188
111  51.41049254  012.21484438
112  51.41049254  012.21484438  51.41055661  012.21497044 51 101
111  51.41158836  012.21734254 51 101
116  51.41237252  012.22093652  51.41248488  012.22322827
120 Linear Feature 85
111  51.40754860  012.24958758 51 101
115  51.40764240  012.25179799
120 Linear Feature 84
111  51.40772212  012.24955751 51
115  51.40782530  012.25178295
120 Linear Feature 83
111  51.40792379  012.24955751 51
115  51.40801290  012.25174536
120 Linear Feature 82
111  51.40830837  012.24948232 51
115  51.40839748  012.25169273
120 Linear Feature 81
111  51.40849597  012.24946728 51
115  51.40859446  012.25167770
120 Linear Feature 80
111  51.40868826  012.24945220 51
115  51.40879144  012.25165515
120 Linear Feature 79
111  51.40906814  012.24939958 51
115  51.40916194  012.25159500
120 Linear Feature 78
111  51.40926981  012.24933943 51
115  51.40936830  012.25156493
120 Linear Feature 77
111  51.40944803  012.24938454 51
115  51.40956528  012.25154237
120 Linear Feature 76
111  51.40981854  012.24927176 51
115  51.40994048  012.25148974
120 Linear Feature 75
111  51.41005304  012.24924169 51
115  51.41016091  012.25145967
120 Linear Feature 74
112  51.41121932  012.25198769  51.41118047  012.25135519 51
111  51.41083122  012.25140138 51
115  51.40763620  012.25182518
120 Linear Feature 73
112  51.41138737  012.24576604  51.41107379  012.24567653 51 101
115  51.41097101  012.24664316
120 Linear Feature 72
112  51.41137191  012.24576010  51.41106433  012.24572880 51 101
112  51.41062011  012.24648527  51.41029411  012.24654841
111  51.41062011  012.24648527
112  51.41062011  012.24648527  51.41056979  012.24649229 51 101
115  51.40772455  012.24683043
120 Linear Feature 71
111  51.40746198  012.24637356 51
111  51.41060813  012.24600330 51
112  51.41096173  012.24644336  51.41098560  012.24686110 51
111  51.41060813  012.24695396 51
115  51.40745574  012.24734423
120 Linear Feature 70
111  51.41010188  012.24882621 51
115  51.41002965  012.24703978
120 Linear Feature 69
111  51.40961178  012.24890891 51
115  51.40953439  012.24711423
120 Linear Feature 68
111  51.40909588  012.24896679 51
115  51.40902365  012.24715559
120 Linear Feature 67
111  51.40858514  012.24902467 51
115  51.40851292  012.24723004
120 Linear Feature 66
111  51.40808472  012.24908256 51
115  51.40799702  012.24728793
120 Linear Feature 65
111  51.40757399  012.24914872 51
115  51.40750692  012.24734582
120 Linear Feature 64
111  51.40736247  012.24460010 51
115  51.40745533  012.24636993
120 Linear Feature 63
111  51.40787321  012.24452567 51
115  51.40796091  012.24631204
120 Linear Feature 62
111  51.40836847  012.24446778 51
115  51.40845101  012.24624588
120 Linear Feature 61
111  51.40888436  012.24440159 51
115  51.40897722  012.24617972
120 Linear Feature 60
111  51.40940026  012.24433542 51
115  51.40947248  012.24612183
120 Linear Feature 59
111  51.40989552  012.24427753 51
115  51.40999354  012.24606393
120 Linear Feature 58
111  51.40761526  012.24454218 51
115  51.40781646  012.24910744
120 Linear Feature 57
111  51.40884309  012.24899165 51
115  51.40863157  012.24442640
120 Linear Feature 56
111  51.40966337  012.24429407 51
115  51.40984909  012.24885933
120 Linear Feature 55
111  51.40733654  012.24421444 51
115  51.40727685  012.24253308
120 Linear Feature 54
111  51.40785244  012.24415976 51
115  51.40777996  012.24247837
120 Linear Feature 53
111  51.40836407  012.24407775 51
115  51.40828306  012.24241686
120 Linear Feature 52
111  51.40885865  012.24402306 51
115  51.40879043  012.24236214
120 Linear Feature 51
111  51.40937028  012.24396155 51
115  51.40930206  012.24229378
120 Linear Feature 50
111  51.40989044  012.24390687 51
115  51.40980090  012.24223227
120 Linear Feature 49
111  51.40721954  012.24158158 51
115  51.40714674  012.23988229
120 Linear Feature 48
111  51.40747581  012.24154890 51
115  51.40741466  012.24001768
120 Linear Feature 47
111  51.40772334  012.24150689 51
115  51.40764762  012.23981694
120 Linear Feature 46
111  51.40816889  012.23976557 51
115  51.40823587  012.24145554
120 Linear Feature 45
111  51.40866686  012.23970953 51
115  51.40873384  012.24138086
120 Linear Feature 44
111  51.40917648  012.23964884 51
115  51.40924637  012.24132017
120 Linear Feature 43
111  51.40968027  012.23958814 51
115  51.40975598  012.24126882
120 Linear Feature 42
111  51.40971469  012.23921466 51
115  51.40964492  012.23754937
120 Linear Feature 41
111  51.40934259  012.23925195 51
115  51.40926895  012.23758665
120 Linear Feature 40
111  51.40895499  012.23929544 51
115  51.40888910  012.23763637
120 Linear Feature 39
111  51.40857126  012.23933893 51
115  51.40850537  012.23767367
120 Linear Feature 38
111  51.40819917  012.23939485 51
115  51.40812940  012.23772960
120 Linear Feature 37
111  51.40781932  012.23944456 51
115  51.40773792  012.23777310
120 Linear Feature 36
111  51.40742397  012.23948183 51
115  51.40735420  012.23781661
120 Linear Feature 35
111  51.40704799  012.23952532 51
115  51.40698210  012.23785389
120 Linear Feature 34
111  51.40693171  012.23687837 51
115  51.40684257  012.23520693
120 Linear Feature 33
111  51.40731156  012.23684109 51
115  51.40723404  012.23515723
120 Linear Feature 32
111  51.40768754  012.23679141 51
115  51.40761002  012.23510750
120 Linear Feature 31
111  51.40807514  012.23674170 51
115  51.40800149  012.23506400
120 Linear Feature 30
111  51.40845886  012.23671064 51
115  51.40838134  012.23502051
120 Linear Feature 29
111  51.40884646  012.23665471 51
115  51.40876506  012.23497701
120 Linear Feature 28
111  51.40922243  012.23661743 51
115  51.40913716  012.23492730
120 Linear Feature 27
112  51.40952089  012.23489002  51.40952089  012.23489623 51
115  51.40959453  012.23657393
120 Linear Feature 26
111  51.40943561  012.23452341 51
115  51.40936585  012.23285192
120 Linear Feature 25
111  51.40892786  012.23457933 51
115  51.40884646  012.23290787
120 Linear Feature 24
111  51.40843173  012.23464146 51
115  51.40835033  012.23295758
120 Linear Feature 23
111  51.40792397  012.23470980 51
115  51.40785033  012.23301354
120 Linear Feature 22
111  51.40742009  012.23476572 51
115  51.40734645  012.23308189
120 Linear Feature 21
111  51.40683094  012.23314402 51
115  51.40691234  012.23482785
120 Linear Feature 20
111  51.40679430  012.23218314 51
115  51.40671276  012.23050722
120 Linear Feature 19
111  51.40728644  012.23212245 51
115  51.40721364  012.23044650
120 Linear Feature 18
111  51.40780188  012.23207110 51
115  51.40771452  012.23038581
120 Linear Feature 17
111  51.40830276  012.23200108 51
115  51.40822996  012.23033912
120 Linear Feature 16
111  51.40881238  012.23193572 51
115  51.40873375  012.23025040
120 Linear Feature 15
111  51.40932491  012.23187503 51
115  51.40923755  012.23019904
120 Linear Feature 14
111  51.40720742  012.24159334 51 101
111  51.41034805  012.24119376 51 101
112  51.41074112  012.24169758  51.41077554  012.24220265
111  51.41074112  012.24169758
112  51.41074112  012.24169758  51.41074641  012.24203288 51 101
111  51.41035636  012.24215275 51 101
115  51.40725727  012.24253901
120 Linear Feature 13
111  51.40691461  012.23688846 51 101
111  51.41009820  012.23652457 51 101
112  51.41052057  012.23695425  51.41053741  012.23736710 51 101
111  51.41017765  012.23747069 51 101
115  51.40692595  012.23786187
120 Linear Feature 12
112  51.41030846  012.23239333  51.41025421  012.23177297 51 101
111  51.40985736  012.23182230 51 101
115  51.40675261  012.23219821
120 Linear Feature 11
111  51.41012480  012.22871792 51
115  51.40890130  012.22888804
120 Linear Feature 10
111  51.41011231  012.22831763 51
115  51.40888881  012.22845773
120 Linear Feature 9
111  51.41009983  012.22790734 51
115  51.40886385  012.22808747
120 Linear Feature 8
111  51.41004989  012.22709676 51
115  51.40882015  012.22721684
120 Linear Feature 7
111  51.41003741  012.22666645 51
115  51.40880142  012.22682657
120 Linear Feature 6
111  51.41001244  012.22627617 51
115  51.40878269  012.22641627
120 Linear Feature 5
112  51.42083160  012.21110526  51.42130030  012.21137327 51 101
115  51.42118492  012.21216516
120 Linear Feature 4
111  51.42118200  012.21259200 51 101
115  51.41949385  012.21186011
120 Linear Feature 3
112  51.41953249  012.21159013  51.41973893  012.21066146 51 101
111  51.42012886  012.21081406 51 101
112  51.42083669  012.21110704  51.42090053  012.21112837
111  51.42083669  012.21110704
112  51.42083669  012.21110704  51.42127556  012.21128191 51 101
112  51.42147033  012.21047927  51.42147578  012.21045014
111  51.42147033  012.21047927
112  51.42147033  012.21047927  51.42157206  012.20968980 51 101
115  51.42114083  012.20944903
120 Linear Feature 2
111  51.42075366  012.21508254 51 101
112  51.42118245  012.21261938  51.42118865  012.21257163
111  51.42118245  012.21261938
112  51.42118245  012.21261938  51.42120230  012.21249204 51 101
112  51.42118245  012.21218115  51.42121347  012.21197024
111  51.42118245  012.21218115
112  51.42118245  012.21218115  51.42118990  012.21212942 51 101
112  51.42146988  012.21048111  51.42153132  012.21017146
111  51.42146988  012.21048111
112  51.42146988  012.21048111  51.42165128  012.20971637 51 101
115  51.42205883  012.20984603
120 Linear Feature 1
111  51.42054315  012.20918336 51 101
112  51.41984089  012.20978841  51.41966041  012.21057705
111  51.41984089  012.20978841
112  51.41984089  012.20978841  51.41992098  012.20894007 51 101
111  51.41948220  012.20871940 51 101
112  51.42012252  012.20814313  51.42029427  012.20741220
111  51.42012252  012.20814313
114  51.42012252  012.20814313  51.42004159  012.20892172 51 101
120 Linear Feature 37
111  51.42109318  012.21308439 51 101
115  51.41942066  012.21235606
120 Linear Feature 36
111  51.42104509  012.21335002 51 101
115  51.41937257  012.21263027
120 Linear Feature 35
111  51.42099967  012.21364135 51 101
115  51.41933249  012.21290446
120 Linear Feature 34
111  51.42097829  012.21373132 51 101
115  51.41931111  012.21301156
120 Linear Feature 33
111  51.42091417  012.21412119 51 101
115  51.41924699  012.21338001
120 Linear Feature 32
111  51.41920692  012.21362851 51 101
115  51.42087410  012.21437396
120 Linear Feature 31
111  51.41916417  012.21387698 51 101
115  51.42083402  012.21460959
120 Linear Feature 30
111  51.41911875  012.21414261 51 101
115  51.42078326  012.21487950
120 Linear Feature 29
111  51.41908134  012.21434397 51 101
115  51.42074318  012.21507658
120 Linear Feature 28
111  51.41899852  012.21484952 51 101
115  51.42001913  012.21529936
120 Linear Feature 27
111  51.41898516  012.21491807 51 101
115  51.42000845  012.21536791
120 Linear Feature 26
111  51.41891035  012.21532935 51 101
115  51.41994165  012.21577919
120 Linear Feature 25
111  51.41885691  012.21567637 51 101
115  51.41988554  012.21613478
120 Linear Feature 24
111  51.41882753  012.21582632 51 101
115  51.41985081  012.21627188
120 Linear Feature 23
111  51.41873401  012.21637470 51 101
115  51.41976264  012.21682454
120 Linear Feature 22
111  51.41870462  012.21653322 51 101
115  51.41973592  012.21697020
120 Linear Feature 21
111  51.41863516  012.21692736 51 101
115  51.41966379  012.21737291
120 Linear Feature 20
111  51.41855768  012.21736863 51 101
115  51.41959432  012.21781847
120 Linear Feature 19
111  51.41853096  012.21750572 51 101
115  51.41956760  012.21796413
120 Linear Feature 18
111  51.41238011  012.24434508 51 101
112  51.41178396  012.24511896  51.41182282  012.24597956
111  51.41178396  012.24511896
112  51.41178396  012.24511896  51.41182039  012.24583937 51 101
115  51.41219689  012.24607585
120 Linear Feature 17
112  51.41313892  012.23733111  51.41316043  012.23949730 51 101
111  51.41262681  012.24102209 51 101
111  51.41184928  012.24360072 51 101
116  51.41175862  012.24457813  51.41175169  012.24527851
120 Linear Feature 16
111  51.41179040  012.25453741 51 101
112  51.41217745  012.25351732  51.41215434  012.25267318
111  51.41217745  012.25351732
112  51.41217745  012.25351732  51.41223159  012.25434781 51 101
115  51.41272133  012.25419241
120 Linear Feature 15
111  51.41226319  012.25534750 51 101
112  51.41179029  012.25453744  51.41137788  012.25465740 51 101
115  51.41137653  012.25531364
120 Linear Feature 14
111  51.41127937  012.25328131 51 101
112  51.41178104  012.25454074  51.41217694  012.25445118
111  51.41178104  012.25454074
112  51.41178104  012.25454074  51.41185876  012.25451348 51 101
111  51.41278447  012.25416891 51 101
116  51.41380211  012.25126256  51.41374521  012.24884519
120 Linear Feature 13
111  51.41185394  012.25628780 51 101
115  51.41292027  012.25617107
120 Linear Feature 12
112  51.41278974  012.22989161  51.41265005  012.22748073 51 101
111  51.41202383  012.22602651 51 101
111  51.41143971  012.22470538 51 101
112  51.41092062  012.22346972  51.41077666  012.22321936
111  51.41092062  012.22346972
112  51.41092062  012.22346972  51.41070346  012.22313330 51 101
111  51.41046977  012.22310509 51 101
112  51.41030240  012.22312449  51.41028615  012.22313271
111  51.41030240  012.22312449
112  51.41030240  012.22312449  51.40991499  012.22327239 51 101
111  51.40991523  012.22393918 51 101
112  51.41138461  012.25555635  51.41138736  012.25564689
111  51.41138461  012.25555635
112  51.41138461  012.25555635  51.41142042  012.25628284 51 101
111  51.41185058  012.25628816 51 101
116  51.41226404  012.25536766  51.41225653  012.25447634
120 Linear Feature 11
111  51.41168313  012.23274307 51 101
112  51.41116442  012.23198077  51.41108716  012.23119136
111  51.41116442  012.23198077
112  51.41116442  012.23198077  51.41118260  012.23278233 51 101
111  51.41077141  012.23285041 51 101
112  51.41029724  012.23215853  51.41018225  012.23148523
111  51.41029724  012.23215853
112  51.41029724  012.23215853  51.41027558  012.23275434 51 101
111  51.41000132  012.23276527 51 101
112  51.41036005  012.23351049  51.41043641  012.23418045
111  51.41036005  012.23351049
112  51.41036005  012.23351049  51.41037620  012.23289246 51 101
111  51.41077142  012.23285045 51 101
112  51.41124512  012.23362106  51.41132139  012.23438571
111  51.41124512  012.23362106
114  51.41124512  012.23362106  51.41125195  012.23284729 51 101
120 Linear Feature 10
112  51.41287641  012.23171133  51.41281036  012.23085279
111  51.41287641  012.23171133
112  51.41287641  012.23171133  51.41288702  012.23257888 51 101
111  51.41240687  012.23265515 51 101
112  51.41295485  012.23339280  51.41301821  012.23416348
111  51.41295485  012.23339280
112  51.41295485  012.23339280  51.41294521  012.23261991 51 101
113  51.41340825  012.23253512 51 101
120 Linear Feature 9
111  51.40963802  012.20439999 51 101
112  51.40990733  012.20510244  51.40994872  012.20564387
111  51.40990733  012.20510244
112  51.40990733  012.20510244  51.40991109  012.20514015 51 101
111  51.41226417  012.25536832 51 101
112  51.41293156  012.25617079  51.41353886  012.25614788
111  51.41293156  012.25617079
112  51.41293156  012.25617079  51.41311017  012.25615934 51 101
116  51.41391538  012.25387404  51.41380821  012.25157730
120 Linear Feature 8
112  51.41608755  012.23171569  51.41595613  012.23227152 51 101
111  51.41544281  012.23229104 51 101
112  51.41052115  012.23287961  51.41048025  012.23288204
111  51.41052115  012.23287961
112  51.41052115  012.23287961  51.41033480  012.23288933 51 101
112  51.40997435  012.23276527  51.40962892  012.23276770
111  51.40997435  012.23276527
112  51.40997435  012.23276527  51.40992435  012.23276770 51 101
115  51.40683140  012.23313876
120 Linear Feature 7
112  51.41751629  012.22640109  51.41712546  012.22623654 51 101
115  51.41694289  012.22673397
120 Linear Feature 6
111  51.41753701  012.22331434 51 101
115  51.41858620  012.22377600
120 Linear Feature 5
111  51.41760045  012.22294657 51 101
115  51.41864720  012.22340041
120 Linear Feature 4
111  51.41763705  012.22274312 51 101
115  51.41867648  012.22319305
120 Linear Feature 3
111  51.41772489  012.22218756 51 101
115  51.41889852  012.22270009
120 Linear Feature 2
111  51.41785665  012.22141681 51 101
115  51.41901320  012.22192934
120 Linear Feature 1
111  51.41799329  012.22065388 51 101
115  51.41915472  012.22116641
120 Linear Feature 8
111  51.41811941  012.21989250 51 101
115  51.41928096  012.22039153
120 Linear Feature 7
111  51.41825664  012.21911842 51 101
115  51.41940594  012.21963710
120 Linear Feature 6
111  51.41838162  012.21836791 51 101
115  51.41954071  012.21887480
120 Linear Feature 5
111  51.41416934  012.24503265 51 101
116  51.41400702  012.24676888  51.41513969  012.24796478
120 Linear Feature 4
112  51.41295670  012.24456673  51.41423464  012.24575801 51 101
115  51.41292832  012.24635627
120 Linear Feature 2
112  51.41653232  012.24498414  51.41656091  012.24587787 51 101
111  51.41721752  012.24620737 51 101
112  51.41660397  012.24678750  51.41655902  012.24737679 51 101
115  51.41696251  012.24790094
120 Linear Feature 22
112  51.43055331  012.21549694  51.43039055  012.21528335 51 101
111  51.43021702  012.21521745 51 101
112  51.42829864  012.21437163  51.42828095  012.21436150
111  51.42829864  012.21437163
112  51.42829864  012.21437163  51.42809272  012.21427843 51 101
115  51.42804209  012.21385272
120 Linear Feature 14
112  51.41544447  012.23229096  51.41589341  012.23241237 51 101
115  51.41597640  012.23304994
120 Linear Feature 13
111  51.40912188  012.20453462 51
115  51.40787919  012.20469399
120 Linear Feature 12
111  51.40918402  012.20300068 51
115  51.40786677  012.20314013
120 Linear Feature 11
111  51.40912188  012.20173568 51
115  51.40784191  012.20189505
120 Linear Feature 10
111  51.40906596  012.20049061 51
115  51.40775492  012.20064002
120 Linear Feature 21
112  51.43135151  012.21809049  51.43124979  012.21669320 51 101
111  51.43084649  012.21596784 51 101
112  51.42914568  012.21323075  51.42910235  012.21315691
111  51.42914568  012.21323075
112  51.42914568  012.21323075  51.42892904  012.21290935 51 101
111  51.42861163  012.21270939 51 101
112  51.40961626  012.20438954  51.40939423  012.20426877
111  51.40961626  012.20438954
112  51.40961626  012.20438954  51.40921185  012.20421157 51 101
111  51.40922292  012.20355630 51 101
115  51.40894197  012.19796009
120 Linear Feature 20
112  51.42838686  012.22125257  51.42836830  012.22056678 51 101
111  51.42885028  012.22043261 51 101
112  51.42925534  012.21964205  51.42922848  012.21889186
111  51.42925534  012.21964205
112  51.42925534  012.21964205  51.42924862  012.21946617 51 101
112  51.42904492  012.21520685  51.42903937  012.21513269
111  51.42904492  012.21520685
112  51.42904492  012.21520685  51.42896168  012.21463728 51 101
111  51.42853185  012.21447548 51 101
116  51.42810879  012.21528363  51.42810573  012.21625937
120 Linear Feature 19
112  51.42903150  012.22580938  51.42864555  012.22590929 51 101
115  51.42863574  012.22658962
120 Linear Feature 18
112  51.43201917  012.23249665  51.43186819  012.23001255 51 101
111  51.43127819  012.22868760 51 101
112  51.43023913  012.22625768  51.43019482  012.22616292
111  51.43023913  012.22625768
112  51.43023913  012.22625768  51.42995848  012.22562592 51 101
111  51.42941484  012.22574563 51 101
112  51.42902012  012.22581080  51.42898954  012.22581303
111  51.42902012  012.22581080
112  51.42902012  012.22581080  51.42864631  012.22585092 51 101
115  51.42856788  012.22513551
120 Linear Feature 17
112  51.42940859  012.23440115  51.42902847  012.23443891 51 101
115  51.42896796  012.23372380
120 Linear Feature 3
111  51.41599100  012.24752878 51 101
112  51.41660373  012.24678740  51.41665729  012.24605474 51 101
111  51.41599526  012.24573358 51 101
112  51.41653257  012.24498551  51.41652605  012.24412261
111  51.41653257  012.24498551
112  51.41653257  012.24498551  51.41652278  012.24471879 51 101
112  51.41597466  012.23300650  51.41596390  012.23268435
111  51.41597466  012.23300650
112  51.41597466  012.23300650  51.41595672  012.23245424 51 101
111  51.41609023  012.23170020 51 101
111  51.42035847  012.20676467 51 101
112  51.42029243  012.20630172  51.42021810  012.20612609 51 101
111  51.42002852  012.20610204 51 101
115  51.41965864  012.20530907
120 Linear Feature 16
112  51.43019138  012.25241055  51.43004083  012.25286087 51 101
111  51.42927167  012.25261128 51 101
111  51.41137097  012.24575973 51 101
112  51.41089339  012.24498565  51.41088257  012.24439624
111  51.41089339  012.24498565
112  51.41089339  012.24498565  51.41088618  012.24481808
112  51.41087973  012.24467164  51.41088333  012.24455029
111  51.41087973  012.24467164
112  51.41087973  012.24467164  51.41085450  012.24367196 51 101
111  51.41129898  012.24392976 51 101
111  51.43003798  012.25112852 51 101
116  51.43069955  012.25073391  51.43090031  012.25021303
120 Linear Feature 15
112  51.42988932  012.25346925  51.42985401  012.25285167 51 101
111  51.42931771  012.25262474 51 101
112  51.42980912  012.25174611  51.42977381  012.25105572 51 101
111  51.42919976  012.25079720 51 101
112  51.42972868  012.25005093  51.42972868  012.24912536
111  51.42972868  012.25005093
112  51.42972868  012.25005093  51.42983138  012.25097684 51 101
116  51.43003170  012.25112582  51.43005233  012.25112204
120 Linear Feature 14
111  51.42932521  012.24139004 51 101
116  51.42980013  012.24192496  51.43024343  012.24190838
120 Linear Feature 13
111  51.43196255  012.24167768 51 101
112  51.43240447  012.24080991  51.43237766  012.24005024
111  51.43240447  012.24080991
112  51.43240447  012.24080991  51.43240149  012.24072391 51 101
112  51.43165994  012.23721637  51.43096588  012.23531482
111  51.43165994  012.23721637
112  51.43165994  012.23721637  51.43160930  012.23708737 51 101
111  51.43064851  012.23485072 51 101
112  51.42970731  012.23436632  51.42898942  012.23444276
111  51.42970731  012.23436632
112  51.42970731  012.23436632  51.42963284  012.23437110 51 101
111  51.42941231  012.23440012 51 101
116  51.42903759  012.23521782  51.42907223  012.23603109
120 Linear Feature 12
112  51.42989986  012.25373520  51.42991003  012.25325877 51 101
111  51.43018741  012.25242434 51 101
111  51.43190826  012.24674547 51 101
112  51.43248830  012.24245746  51.43239428  012.24029370
111  51.43248830  012.24245746
112  51.43248830  012.24245746  51.43248371  012.24236674 51 101
112  51.43196196  012.24167726  51.43147387  012.24169784
111  51.43196196  012.24167726
112  51.43196196  012.24167726  51.43195839  012.24167726 51 101
111  51.42979862  012.24192510 51 101
116  51.42938596  012.24269636  51.42936346  012.24343718
120 Linear Feature 11
112  51.43013815  012.25883546  51.43010116  012.25809679 51 101
115  51.43058890  012.25807121
120 Linear Feature 10
112  51.43169768  012.25734555  51.43141345  012.25805988 51 101
115  51.43067996  012.25807045
120 Linear Feature 9
111  51.43289237  012.25109729 51 101
112  51.43227963  012.25541585  51.43159927  012.25763334
111  51.43227963  012.25541585
112  51.43227963  012.25541585  51.43221857  012.25563970 51 101
111  51.43132808  012.25856080 51 101
116  51.43112079  012.25961169  51.43112844  012.25997455
120 Linear Feature 8
112  51.43199712  012.26742073  51.43159307  012.26747432 51 101
111  51.43144684  012.26676147 51 101
116  51.43116813  012.26752146  51.43088833  012.26756332
120 Linear Feature 7
111  51.43205723  012.26914109 51 101
112  51.43151816  012.26829527  51.43147213  012.26732234
111  51.43151816  012.26829527
112  51.43151816  012.26829527  51.43150733  012.26811285 51 101
111  51.43108849  012.25891575 51 101
112  51.43058980  012.25807085  51.43009411  012.25813315
111  51.43058980  012.25807085
112  51.43058980  012.25807085  51.43056020  012.25807382 51 101
116  51.43006779  012.25732430  51.43002874  012.25650276
120 Linear Feature 6
111  51.43352476  012.26480383 51 101
112  51.43226871  012.26738504  51.43097770  012.26754796
111  51.43226871  012.26738504
112  51.43226871  012.26738504  51.43219990  012.26739555 51 101
112  51.43095830  012.26754483  51.43090458  012.26754124
111  51.43095830  012.26754483
112  51.43095830  012.26754483  51.43055769  012.26756995 51 101
115  51.43050915  012.26677077
120 Linear Feature 5
112  51.43352520  012.26479399  51.43361090  012.26669903 51 101
111  51.43301558  012.26776567 51 101
112  51.43237430  012.26889331  51.43231881  012.26898528
111  51.43237430  012.26889331
112  51.43237430  012.26889331  51.43224668  012.26909208 51 101
111  51.43205753  012.26914115 51 101
112  51.43148579  012.26920311  51.43142475  012.26920014
111  51.43148579  012.26920311
112  51.43148579  012.26920311  51.43138961  012.26920904 51 101
112  51.43055864  012.26784002  51.43049094  012.26663689
111  51.43055864  012.26784002
112  51.43055864  012.26784002  51.43055051  012.26770537 51 101
112  51.42800898  012.21314468  51.42800562  012.21308804
111  51.42800898  012.21314468
112  51.42800898  012.21314468  51.42795854  012.21248936 51 101
115  51.42769963  012.21231158
120 Linear Feature 4
111  51.41946079  012.24904765 51 102
115  51.42112463  012.24968951
120 Linear Feature 3
111  51.42119409  012.24928987 51 102
115  51.41952505  012.24862626
120 Linear Feature 2
111  51.42141566  012.24761143 51 102
115  51.41973295  012.24697538
120 Linear Feature 1
111  51.41968368  012.24739672 51 102
115  51.42137450  012.24803311
120 Linear Feature 4
111  51.41721638  012.22516960 51 101
115  51.41886301  012.22589509
120 Linear Feature 3
111  51.41733506  012.22445996 51 101
115  51.41898169  012.22518149
120 Linear Feature 2
111  51.41744008  012.22385313 51 101
112  51.41856493  012.22435682  51.41863441  012.22439286
111  51.41856493  012.22435682
112  51.41856493  012.22435682  51.41897768  012.22456323 51 101
115  51.41898077  012.22514352
120 Linear Feature 1
111  51.41746102  012.22370922 51 101
112  51.41859485  012.22420331  51.41863972  012.22422730
111  51.41859485  012.22420331
112  51.41859485  012.22420331  51.41908249  012.22447194 51 101
111  51.41898376  012.22514832 51 101
112  51.41881324  012.22618447  51.41878930  012.22629000
111  51.41881324  012.22618447
112  51.41881324  012.22618447  51.41867263  012.22698556 51 101
111  51.41810422  012.22666896 51 101
112  51.41751487  012.22640033  51.41738024  012.22633317
111  51.41751487  012.22640033
112  51.41751487  012.22640033  51.41704817  012.22617487 51 101
113  51.41715288  012.22551769
120 Linear Feature 1
112  51.41216926  012.20551728  51.41168142  012.20551494 51 101
115  51.41169169  012.20629477
120 Linear Feature 1
112  51.41653247  012.24498387  51.41654387  012.24588486 51 101
116  51.41660584  012.24678583  51.41657084  012.24754335
120 Linear Feature 1
112  51.41167895  012.20621714  51.41162691  012.20534718 51 101
115  51.41104862  012.20502485
21  51.43206646  012.22072099 2 85.6900 3.0 08L PAPI-4L
21  51.41250519  012.20971566 2 85.6800 3.0 08R PAPI-4L
21  51.41307368  012.25020703 2 265.7200 3.0 26L PAPI-4L
21  51.43301126  012.26227854 2 265.7300 3.0 26R PAPI-4L
20  51.41468892  012.24721839 193.2400 0 3 {@R}ILS{@@}{critical}
20  51.41475518  012.24678881 192.0900 0 3 {@R}ILS{@@}{critical}
20  51.41460493  012.24546345 193.3200 0 3 {@R}ILS{@@}{critical}
20  51.41466768  012.24500794 191.7700 0 3 {@R}ILS{@@}{critical}
20  51.41400232  012.23277353 180.0000 0 3 {@R}ILS{@@}{critical}
20  51.41398876  012.23218643 165.0700 0 3 {@R}ILS{@@}{critical}
20  51.41458920  012.20684060 189.4600 0 3 {@R}ILS{@@}{critical}
20  51.41467140  012.20629370 191.3100 0 3 {@R}ILS{@@}{critical}
20  51.41406016  012.20601957 18.4300 0 3 {safety}{@@}{@R}08R
20  51.41393789  012.20658592 12.9900 0 3 {safety}{@@}{@R}08R
20  51.41384707  012.23225335 357.6100 0 3 {safety}{@@}{@R}{^l}08R-26L{^r}
20  51.41387196  012.23273574 353.9900 0 3 {safety}{@@}{@R}{^l}08R-26L{^r}
20  51.41456672  012.24722959 8.9700 0 3 {safety}{@@}{@R}26L
20  51.41463168  012.24673673 12.5300 0 3 {safety}{@@}{@R}26L
20  51.41448591  012.24542075 9.4600 0 3 {safety}{@@}{@R}26L
20  51.41455562  012.24495583 18.4300 0 3 {safety}{@@}{@R}26L
20  51.43290580  012.26839111 134.0300 0 3 {safety}{@@}{@R}26R
20  51.43265273  012.26803593 129.4000 0 3 {safety}{@@}{@R}26R
20  51.43264218  012.26688580 131.8200 0 3 {safety}{@@}{@R}26R
20  51.43230589  012.25585369 114.6200 0 3 {safety}{@@}{@R}26R
20  51.43203447  012.25565648 113.0300 0 3 {safety}{@@}{@R}26R
20  51.43189408  012.24729426 110.3200 0 3 {safety}{@@}{@R}26R
20  51.43161338  012.24708715 108.4400 0 3 {safety}{@@}{@R}26R
20  51.43165104  012.24197883 183.5800 0 3 {safety}{@@}{@R}{^l}26R-08L{^r}
20  51.43162362  012.24150526 161.5700 0 3 {safety}{@@}{@R}{^l}26R-08L{^r}
20  51.43113143  012.23642169 235.0100 0 3 {safety}{@@}{@R}08L
20  51.43136609  012.23615511 234.6900 0 3 {safety}{@@}{@R}08L
20  51.43069373  012.22786807 231.2900 0 3 {safety}{@@}{@R}08L
20  51.43017484  012.21545692 209.7400 0 3 {safety}{@@}{@R}08L
20  51.43039716  012.21486264 225.0000 0 3 {safety}{@@}{@R}08L
20  51.41069421  012.20459892 198.4300 0 3 {safety}{@@}{@R}08R
20  51.41061000  012.20516759 191.0700 0 3 {safety}{@@}{@R}08R
20  51.41073248  012.20649312 209.3600 0 3 {safety}{@@}{@R}08R
20  51.41063551  012.20714362 208.6100 0 3 {safety}{@@}{@R}08R
20  51.41118897  012.21593425 241.7000 0 3 {safety}{@@}{@R}08R
20  51.41100403  012.21697528 215.5400 0 3 {safety}{@@}{@R}08R
20  51.41158713  012.22453093 238.5700 0 3 {safety}{@@}{@R}08R
20  51.41140748  012.22553001 203.2000 0 3 {safety}{@@}{@R}08R
20  51.41193195  012.23245638 174.9400 0 3 {safety}{@@}{@R}{^l}26L-08R{^r}
20  51.41195979  012.23295477 171.4300 0 3 {safety}{@@}{@R}{^l}26L-08R{^r}
20  51.41214004  012.24203141 115.8200 0 3 {safety}{@@}{@R}26L
20  51.41241194  012.24225496 110.2300 0 3 {safety}{@@}{@R}26L
20  51.41253988  012.24416375 196.3900 0 3 {safety}{@@}{@R}26L
20  51.41244164  012.24473980 195.4200 0 3 {safety}{@@}{@R}26L
20  51.41262409  012.24598191 196.7000 0 3 {safety}{@@}{@R}26L
20  51.41255953  012.24645445 197.1000 0 3 {safety}{@@}{@R}26L
20  51.41285222  012.25381077 143.1300 0 3 {safety}{@@}{@R}26L
20  51.41304203  012.25429429 147.5300 0 3 {safety}{@@}{@R}26L
20  51.41303002  012.25584979 347.9100 0 3 {safety}{@@}{@R}26L
20  51.41306459  012.25634632 349.7000 0 3 {safety}{@@}{@R}26L
20  51.41292251  012.25637924 360.0000 0 3 {@R}ILS{@@}{critical}
20  51.41289510  012.25588220 355.2400 0 3 {@R}ILS{@@}{critical}
20  51.41285292  012.25443840 320.7100 0 3 {@R}ILS{@@}{critical}
20  51.41273060  012.25389739 354.8100 0 3 {@R}ILS{@@}{critical}
20  51.41236323  012.24646817 15.2500 0 3 {@R}ILS{@@}{critical}
20  51.41244814  012.24591274 11.3100 0 3 {@R}ILS{@@}{critical}
20  51.41227492  012.24478009 7.1200 0 3 {@R}ILS{@@}{critical}
20  51.41237342  012.24406674 12.5300 0 3 {@R}ILS{@@}{critical}
20  51.41232247  012.24261825 298.3000 0 3 {@R}ILS{@@}{critical}
20  51.41203037  012.24237866 299.0600 0 3 {@R}ILS{@@}{critical}
20  51.41184474  012.23301923 360.0000 0 3 {@R}ILS{@@}{critical}
20  51.41181597  012.23243941 351.2500 0 3 {@R}ILS{@@}{critical}
20  51.41130506  012.22554614 354.8100 0 3 {@R}ILS{@@}{critical}
20  51.41146419  012.22415893 57.5300 0 3 {@R}ILS{@@}{critical}
20  51.41090750  012.21695773 333.4400 0 3 {@R}ILS{@@}{critical}
20  51.41106035  012.21560729 64.8000 0 3 {@R}ILS{@@}{critical}
20  51.41051619  012.20712404 352.8800 0 3 {@R}ILS{@@}{critical}
20  51.41061594  012.20638392 28.3000 0 3 {@R}ILS{@@}{critical}
20  51.41040412  012.20515249 11.3100 0 3 {@R}ILS{@@}{critical}
20  51.41052299  012.20450450 18.4300 0 3 {@R}ILS{@@}{critical}
20  51.42979207  012.21388323 45.0000 0 3 {@R}ILS{@@}{critical}
20  51.42961885  012.21528326 6.3400 0 3 {@R}ILS{@@}{critical}
20  51.43036348  012.22612392 53.1300 0 3 {@R}ILS{@@}{critical}
20  51.43009670  012.22641042 45.0000 0 3 {@R}ILS{@@}{critical}
20  51.43076697  012.23469744 52.1200 0 3 {@R}ILS{@@}{critical}
20  51.43051178  012.23499511 53.1300 0 3 {@R}ILS{@@}{critical}
20  51.43105706  012.24152764 360.0000 0 3 {@R}ILS{@@}{critical}
20  51.43108690  012.24209393 360.0000 0 3 {@R}ILS{@@}{critical}
20  51.43139521  012.24893263 296.5700 0 3 {@R}ILS{@@}{critical}
20  51.43112040  012.24870482 296.5700 0 3 {@R}ILS{@@}{critical}
20  51.43183133  012.25747517 298.6100 0 3 {@R}ILS{@@}{critical}
20  51.43153953  012.25722469 299.7500 0 3 {@R}ILS{@@}{critical}
20  51.43223268  012.26711008 351.2500 0 3 {@R}ILS{@@}{critical}
20  51.43227071  012.26763617 354.2900 0 3 {@R}ILS{@@}{critical}
20  51.43236092  012.26919210 315.0000 0 3 {@R}ILS{@@}{critical}
20  51.43216147  012.26876459 330.9500 0 3 {@R}ILS{@@}{critical}
20  51.43123494  012.23670732 232.5900 0 3 {@L}A4{@@}{@L}A4
20  51.41106647  012.23396771 266.6300 0 3 {@Y}{^l}APRON4|{^l}V{@L}T{@Y}S5{^r}
20  51.41138830  012.23172341 77.4700 0 3 {@Y}{^l}S5{@L}T{@Y}V{^r}|APRON4{^r}
20  51.41017450  012.22441929 95.1900 0 3 {@Y}APRON5
20  51.41141562  012.24638783 4.7600 0 3 {@Y}{^l}T|{^lu}S7{^u}S8|T{^r}
20  51.41139916  012.25143998 266.1900 0 3 {@Y}APRON4|{^u}DP8
20  51.41039121  012.22961388 83.2900 0 3 {@Y}APRON4{@@}{@Y}APRON5
20  51.43093312  012.22848470 236.3100 0 3 {@L}A3{@@}{@L}A3
20  51.43042536  012.21599004 213.1100 0 3 {@Y}{^lu}A2{@L}A2{@Y}A1{^ru}{@@}{@Y}A2
20  51.42854907  012.21395098 15.9400 0 3 {@Y}{^u}A2|B{^r}
20  51.42759687  012.21197154 20.5500 0 3 {@Y}{^u}A1|A2{@L}W1{@Y}B{^ru}|C{^r}
20  51.41733298  012.22343267 286.0200 0 3 {@Y}APRON1{@@}{@Y}{^l}GAT
20  51.41702292  012.22715456 303.6900 0 3 {@L}N{@Y}GAT{^r}
20  51.41433191  012.24478425 360.0000 0 3 {@L}H7{@Y}{^u}APRON1|GAT
20  51.41439263  012.24657212 354.2900 0 3 {@L}H8{@Y}{^u}APRON1|GAT
20  51.41336315  012.25543209 301.6100 0 3 {@R}{^lu}08L{@L}S10{@@}{@L}S10
20  51.41312802  012.25342950 306.8700 0 3 {@R}{^lu}08L{@L}S9{@@}{@L}S9
20  51.41094307  012.24165153 90.0000 0 3 {@L}V{@Y}Z3{^r}{@@}{^l}Z3
20  51.41074811  012.23694511 85.7600 0 3 {@L}V{@Y}Z2{^r}{@@}{^l}Z2
20  51.41254485  012.24036701 281.3100 0 3 {@Y}{^lu}08L{@L}S6{@@}{@L}S6
20  51.42811314  012.22083956 264.8000 0 3 {@L}C{@Y}{^u}DP2|G1{^r}
20  51.42776427  012.21319366 264.8000 0 3 {@Y}{^l}W1
20  51.42781273  012.21508959 259.9900 0 3 {@L}C{@Y}A2{^r}
20  51.41219918  012.23239454 347.0300 0 3 {@R}{^l}26L{@L}S5{@Y}{^u}H5{@R}08R{^r}
20  51.41190979  012.22511539 32.9000 0 3 {@L}S4{@R}08R{^ru}{@@}{@L}S4
20  51.41147290  012.21648639 41.9900 0 3 {@L}S3{@R}08R{^ru}{@@}{@L}S3
20  51.42849528  012.22694969 252.4700 0 3 {@L}C{@Y}A3{^r}
20  51.42871826  012.22489357 77.4700 0 3 {@Y}{^l}A3{@L}C
20  51.43085968  012.22726665 40.6000 0 3 {@L}A3{@R}08L
20  51.42905176  012.25101556 168.6900 0 3 {@L}E7
20  51.42913284  012.25279399 170.5400 0 3 {@L}E8
20  51.43041416  012.25222830 103.2400 0 3 {@Y}{^l}C|E8{^r}
20  51.42923905  012.24280686 251.3000 0 3 {@L}C{@Y}A5{^r}
20  51.42959258  012.25202396 100.7800 0 3 {@L}C{@Y}E8{^r}
20  51.43199368  012.25699335 107.3500 0 3 {@Y}{^lu}B{@L}A7{@Y}C{^r}
20  51.43161735  012.26651045 77.4700 0 3 {@Y}{^l}A8|{^u}A9{@L}B{@Y}C{^r}
20  51.43068578  012.26674682 65.2200 0 3 {@Y}{^l}A8|{^lu}A9{@L}C
20  51.43200152  012.26711131 8.7500 0 3 {@R}26R{@L}A8
20  51.43084508  012.25075857 110.5600 0 3 {@L}A6{@Y}{^u}C|{^lu}E8|E7{^r}
20  51.43125816  012.24821178 281.3100 0 3 {@L}A6{@R}26R
20  51.43158993  012.24835090 105.2600 0 3 {@L}A6
20  51.43204038  012.26877533 4.4000 0 3 {@R}26R{@L}A9
20  51.43100518  012.25987201 259.9900 0 3 {@Y}{^l}C{@L}B{@Y}A7{^ru}
20  51.43159122  012.25706457 278.9700 0 3 {@L}A7{@R}26R
20  51.43024546  012.25715909 76.3700 0 3 {@Y}{^l}A7|{^lu}B{@L}C
20  51.42975440  012.25385031 261.8700 0 3 {@Y}{^l}E8{@L}C{@Y}A6{^r}
20  51.42987575  012.24988301 65.8000 0 3 {@Y}{^l}A6{@L}C{@Y}E7{^r}
20  51.42887096  012.23532188 256.2300 0 3 {@L}C{@Y}A4{^r}
20  51.42943466  012.24103466 60.9400 0 3 {@Y}{^l}A5{@L}C
20  51.42914206  012.23356818 65.5600 0 3 {@Y}{^l}A4{@L}C
20  51.43128728  012.24141736 348.6900 0 3 {@L}A5{@R}08L-26R
20  51.41230960  012.20596662 171.0300 0 3 {@L}H1{@R}08R{^r}{@Y}{^u}S1|APRON2{@@}{@L}H1
20  51.41584292  012.23339322 257.0100 0 3 {@Y}{^l}H5{@L}N{@Y}APRON1|GAT{^ru}
20  51.41591215  012.24543893 4.7600 0 3 {@Y}{^l}N|APRON1|GAT{@L}H7{@Y}E7{^u}|E8{^ru}
20  51.41589195  012.24716666 4.7600 0 3 {@Y}{^l}N|APRON1|GAT{@L}H8{@Y}E8{^u}
20  51.41429579  012.24540040 180.0000 0 3 {@L}H7{@R}26L{^r}{@@}{safety}{@L}H7
20  51.41436155  012.24725237 172.8800 0 3 {@L}H8{@R}26L{^r}{@@}{safety}{@L}H8
20  51.42037819  012.20945163 182.4900 0 3 {@Y}{^l}N{@L}W1{@Y}K{^r}{@@}{@Y}{^u}W1
20  51.42160829  012.21061504 90.0000 0 3 {@Y}{^u}APRON1{@L}L{@Y}H2{^r}
20  51.42121582  012.21036953 277.4300 0 3 {@Y}{^l}H1{@L}L{@Y}W1{^r}
20  51.41835201  012.21754112 279.8700 0 3 {@Y}{^l}P2
20  51.41540501  012.23203093 338.2000 0 3 {@Y}{^l}APRON1|GAT{@L}H5
20  51.41361647  012.23280472 160.5600 0 3 {@R}{^l}26L{@L}H5{@Y}{^u}S5{@R}08R{^r}
20  51.41683991  012.24720137 86.6300 0 3 {@Y}{^l}E8{@Y}H8{^r}
20  51.41671712  012.24510396 82.5700 0 3 {@Y}{^l}E7|{^u}E8|H8{@L}N{@Y}H7{^r}
20  51.41626931  012.23170822 93.5600 0 3 {@L}N{@Y}H5{^r}
20  51.41372547  012.23222955 344.0500 0 3 {@L}H5
20  51.41961552  012.20992180 278.5300 0 3 {@Y}{^l}W1|{^u}K{@L}N{@Y}W1{^r}{@@}{@Y}{^l}H2|{^u}N
20  51.41091236  012.20470149 10.7800 0 3 {@L}S1{@Y}{^u}W1{@R}08R{^r}{@@}{safety}
20  51.41104685  012.20671725 17.1000 0 3 {@L}S2{@R}08R{^ru}{@@}{@L}S2
20  51.41936273  012.21159277 277.5900 0 3 {@Y}{^u}W1{@L}N{@Y}H2{^r}{@@}{@L}N
20  51.42210567  012.21008270 191.3100 0 3 {@Y}{^l}L{@L}W1
14  51.42326938  012.23696708 213.25 0 Leipzig-Halle Tower
1300  51.41868524  012.22259893  17.35 gate heavy Gate136
1300  51.41909967  012.22030421  15.94 gate heavy Gate130
1300  51.42002612  012.21476773 193.57 gate jets Stand111
1300  51.42016640  012.21430589 191.59 gate jets Stand109
1300  51.41978484  012.21518602  11.89 gate heavy Stand112
1300  51.41969689  012.21564744  15.94 gate heavy Stand114
1300  51.42023311  012.21408124 192.26 gate jets Stand108
1300  51.42007084  012.21292772 194.04 gate heavy|jets Stand104
1300  51.40802102  012.23551746 267.61 gate heavy|jets|turboprops CargoStand427
1300  51.40790456  012.23424906  90.00 gate heavy|jets|turboprops CargoStand406
1300  51.40824619  012.23072756 264.09 gate heavy|jets|turboprops CargoStand407
1300  51.41848180  012.22571783 184.76 gate props GAT143
18  51.43323900  012.24148705 1 BCN
19  51.41254159  012.25112169 1 WS
19  51.41259459  012.21030865 1 WS
19  51.43272171  012.26559927 1 WS
19  51.43210717  012.22147776 1 WS
50 12052 EDDP ATIS
53 12180 LEIPZIG GND
54 11970 LEIPZIG TWR
54 12110 LEIPZIG TWR
55 11970 LEIPZIG APP
55 12417 LEIPZIG APP
99
